1 -0.0102089 -0.00317498
2 -0.0294768 -0.00885326
3 -0.0351152 -0.0105448
4 -0.0283994 -0.00853002
5 -0.0280506 -0.00842538
6 -0.0280506 -0.00842538
7 -0.0280506 -0.00845343
8 -0.0280506 -0.00845343
9 -0.0280506 -0.00845343
10 -0.0280506 -0.00845343
11 -0.0280506 -0.00845343
12 -0.0278854 -0.00840387
13 -0.0222446 -0.00672794
14 -0.0259986 -0.00788234
15 -0.0245676 -0.00745302
16 -0.0134828 -0.00403024
17 -0.023778 -0.00722963
18 0.0526455 0.0156974
19 0.120782 0.0369404
20 0.179428 0.053853
21 0.173893 0.0523111
22 0.131275 0.039581
23 0.0727388 0.0220201
24 0.123913 0.038008
25 0.118793 0.0359603
26 0.074635 0.0227129
27 0.0133524 0.00372859
28 -0.0501621 -0.0147129
29 -0.108102 -0.0327823
30 -0.147842 -0.044125
31 -0.174805 -0.0522139
32 -0.187528 -0.0563454
33 -0.188071 -0.0563813
34 -0.181091 -0.0542874
35 -0.169502 -0.050864
36 -0.155446 -0.0467631
37 -0.141417 -0.0425544
38 -0.132693 -0.0399827
39 -0.200278 -0.0603456
40 -0.311896 -0.095259
41 -0.343231 -0.103543
42 -0.320041 -0.0965864
43 -0.269567 -0.0812088
44 -0.202682 -0.0616483
45 -0.258053 -0.0782594
46 -0.255472 -0.0777149
47 -0.216768 -0.0661294
48 -0.155199 -0.0476588
49 -0.0954632 -0.0292361
50 -0.0375323 -0.0124542
51 0.0147816 0.00377789
52 0.0546338 0.0152104
53 0.083126 0.0241261
54 0.103347 0.0299075
55 0.114077 0.0333477
56 0.0824561 0.0237543
57 0.0822367 0.0236885
58 0.0820421 0.0236301
59 0.0819381 0.0235989
60 0.0818391 0.0235692
61 0.0820435 0.0237146
62 0.0820504 0.0237146
63 0.0820797 0.0237234
64 0.082109 0.0237322
65 0.0821326 0.0237393
66 0.0821533 0.0237455
67 0.0821055 0.0238128
68 0.0577371 0.0163168
69 0.0389663 0.0109292
70 0.0469656 0.013329
71 0.0559429 0.0161679
72 0.0306331 0.00848522
73 0.0147402 0.00371737
74 0.00794243 0.00161799
75 0.0089663 0.00199313
76 0.0144528 0.0037084
77 0.0225627 0.00608651
78 0.0316623 0.00881638
79 0.0408095 0.0116928
80 0.0434179 0.0123839
81 -0.0297073 -0.00955369
82 -0.0654123 -0.0206876
83 -0.0674231 -0.0209338
84 -0.0493766 -0.0155199
85 -0.0189892 -0.00611879
86 0.0141445 0.00351746
87 0.128638 0.0391392
88 0.193795 0.0575412
