1 -4.9043e-07 1.06318e-07 0
2 -1.47515e-07 3.08794e-08 0
3 -1.24986e-07 2.63736e-08 0
4 -8.69996e-08 1.87763e-08 0
5 -1.10153e-07 2.34069e-08 0
6 -3.1784e-09 2.01205e-09 0
7 -1.42312e-07 3.27638e-08 0
8 -4.68844e-08 1.08956e-08 0
9 -9.45173e-08 2.04221e-08 0
10 -1.67964e-07 3.51116e-08 0
11 0 1.51869e-09 0
12 0.112384 0 0.0224768
13 2.33273 0 0.493415
14 3 0 0.604665
15 3 0 0.604665
16 2.35808 0 0.465802
17 1.59794 0 0.326612
18 1.17909 0 0.242842
19 1.00761 0 0.206123
20 1.00323 0 0.208678
21 1.03264 0 0.216179
22 1.03509 0 0.216081
23 1.03379 0 0.215822
24 1.04267 0 0.218818
25 1.04024 0 0.218155
26 1.03628 0 0.217363
27 1.02674 0 0.216291
28 1.02091 0 0.215315
29 1.03202 0 0.218792
30 1.02716 0 0.217597
31 1.01559 0 0.215283
32 1.03893 0 0.221457
33 1.02808 0 0.218821
34 1.02266 0 0.217736
35 1.01259 0 0.216534
36 1.03487 0 0.22119
37 1.02672 0 0.21956
38 1.0164 0 0.218306
39 1.02273 0 0.219779
40 1.02153 0 0.220538
41 1.02632 0 0.221518
42 1.02613 0 0.221481
43 1.02139 0 0.221459
44 1.0062 0 0.218515
45 1.01233 0 0.219742
46 1.00153 0 0.218367
47 0.993812 0 0.21704
48 1.01495 0 0.221267
49 0.94162 0 0.206077
50 0.0513354 0 0.0294863
51 -0.671898 0.130297 0
52 0.993595 0 0.217266
53 0.943704 0 0.207234
54 0.879607 0 0.195412
55 0.759735 0 0.1698
56 0.720708 0 0.164392
57 0.651262 0 0.150503
58 0.642619 0 0.148775
59 0.709083 0 0.162067
60 -0.315862 0.0429217 0
61 -0.00503128 0 0.0254561
62 -0.042148 0 0.0118161
63 -0.00884597 0 0.0184765
64 -0.00668226 0 0.0189093
65 -0.0396501 0 0.0123157
66 -0.00122187 0 0.0200013
67 0.0757791 0 0.0370173
68 2.33215 0 0.534211
69 2.7835 0 0.579354
70 1.92697 0 0.408048
71 1.27468 0 0.265819
72 1.02707 0 0.229342
73 0.977267 0 0.219382
74 0.959101 0 0.216344
75 0.960022 0 0.216892
76 0.965709 0 0.219109
77 0.976413 0 0.221136
78 0.97631 0 0.221115
79 0.973306 0 0.221428
80 0.981687 0 0.223164
81 0.968997 0 0.220626
82 0.96156 0 0.219951
83 0.96318 0 0.220424
84 0.971289 0 0.222046
85 0.96712 0 0.222096
86 0.961633 0 0.221082
87 1.22071 0 0.279299
88 1.11059 0 0.252094
